0,377
443,4
443,3
443,2
443,1
443,0
442,4
442,3
442,2
442,1
442,0
441,4
441,3
441,2
441,1
441,0
440,4
440,3
440,2
440,1
440,0
439,4
439,3
439,2
439,1
439,0
0,376
438,4
438,3
438,2
438,1
438,0
0,373
0,372
437,4
437,3
437,2
437,1
437,0
436,6
436,5
436,4
436,3
436,2
436,1
436,0
0,369
435,5
435,4
435,3
435,2
435,1
435,0
0,386
434,4
434,3
434,2
0,368
0,327
434,1
434,0
433,3
433,2
433,1
433,0
432,3
432,2
432,1
432,0
431,3
431,2
431,1
431,0
430,3
430,2
430,1
430,0
429,3
429,2
429,1
429,0
428,3
428,2
428,1
428,0
427,3
427,2
427,1
427,0
426,3
426,2
426,1
426,0
425,3
425,2
425,1
425,0
423,4
423,2
423,0
423,1
423,3
412,2
412,0
412,1
412,3
411,2
411,0
411,1
411,3
410,2
410,0
410,1
410,3
421,4
421,2
421,0
421,1
421,3
419,4
419,2
419,0
419,1
419,3
417,4
417,2
417,0
416,6
416,5
416,4
416,2
416,0
405,2
405,0
405,1
405,3
